0.455096576146981
-0.014793154458108
-0.42692064798717
1.00634248695357
0.692488267135435
0.959631123622063
0.235698450431567
-0.144580335162405
-0.463215965364508
0.51550712081653
-0.934127115996429
-0.922598301660543
-1.34944831872460
-0.418591694731424
-0.282302012986593
-1.27864054907064
-1.19003178133439
-1.00552413262696
1.40086893889211
1.08324306557713
-0.318013547936331
0.359736206263603
0.504108829732633
0.503606675940592
-0.0464548760347931
-0.370818130751513
-1.12608135864299
0.00953001155816746
-0.92612175753522
-0.642684331231028
-0.55025141380605
-0.139736960630914
-2.90352741852743
-0.835579599220846
0.701674736344883
1.01285848213396
-0.487035331092838
1.11207132265863
0.0438925132097363
0.463172456396855
0.636648436031537
0.0698139318129599
1.35402035030524
1.25887788094515
0.395270349321494
1.11431545028680
1.19485760200208
-2.36761091039305
-0.801967476882632
0.0175827207749772
-0.148057835151832
1.11290999437446
1.06698932907192
-1.71466447838824
0.191012531142731
-0.288497945256753
2.92810966781323
0.382507069400893
0.9254233525155
-1.41917453077224
0.942230888048633
-2.30917288899092
-0.0641309515584175
0.0680991549515777
-0.079251529769119
1.04313078038171
-0.245964073821866
-0.166863768880401
-0.897072728715736
0.397089203629752
0.483786848186616
0.620162412222051
0.250032184738823
-0.845545155393028
-0.263608032588296
0.821327736745739
0.91163189411832
1.31409326700741
-0.0289521004013797
0.195038748643077
0.81777631079658
0.866340111984066
0.898752716297316
-1.77785982992338
0.748899344467889
0.795983183188938
-0.361424825927280
1.54227416149618
-0.57859755117019
-0.194769284981896
1.42932790929616
-1.43020897638393
0.329312965369609
-1.14318909405423
-0.935577549368333
-0.62930497826963
0.282798058720361
-1.13931450330405
-0.15106775145885
0.14420328318303
